	1.908995	0.000000	0.000000
	1.908041	0.076966	0.016041
	1.903813	0.153840	0.032082
	1.896351	0.230483	0.048123
	1.885697	0.306756	0.064164
	1.871903	0.382530	0.080205
	1.855023	0.457680	0.096246
	1.835117	0.532088	0.112288
	1.812232	0.605637	0.128329
	1.786401	0.678206	0.144370
	1.757659	0.749674	0.160411
	1.726047	0.819922	0.176452
	1.691613	0.888832	0.192493
	1.654412	0.956288	0.208534
	1.614515	1.022185	0.224575
	1.571998	1.086423	0.240616
	1.526940	1.148905	0.256657
	1.479423	1.209538	0.272698
	1.429530	1.268236	0.288739
	1.377348	1.324914	0.304780
	1.322947	1.379474	0.320822
	1.266390	1.431807	0.336863
	1.207748	1.481803	0.352904
	1.147099	1.529351	0.368945
	1.084529	1.574345	0.384986
	1.020131	1.616677	0.401027
	0.954006	1.656243	0.417068
	0.886267	1.692948	0.433109
	0.817102	1.726847	0.449150
	0.746738	1.758142	0.465191
	0.675364	1.787059	0.481232
	0.603127	1.813846	0.497273
	0.530130	1.838761	0.513314
	0.456432	1.862073	0.529356
	0.382045	1.884055	0.545397
	0.306935	1.904979	0.561438
	0.231023	1.925113	0.577479
	0.154177	1.944617	0.593520
	0.076220	1.963301	0.609561
	-0.002997	1.980890	0.625602
	-0.083584	1.997089	0.641643
	-0.165613	2.011593	0.657684
	-0.249116	2.024088	0.673725
	-0.334083	2.034255	0.689766
	-0.420462	2.041772	0.705807
	-0.508164	2.046322	0.721848
	-0.597055	2.047593	0.737890
	-0.686968	2.045296	0.753931
	-0.777735	2.039257	0.769972
	-0.869194	2.029366	0.786013
	-0.961171	2.015522	0.802054
	-1.053484	1.997631	0.818095
	-1.145940	1.975611	0.834136
	-1.238338	1.949390	0.850177
	-1.330468	1.918905	0.866218
	-1.422115	1.884107	0.882259
	-1.513055	1.844960	0.898300
	-1.603059	1.801438	0.914341
	-1.691902	1.753541	0.930382
	-1.779376	1.701301	0.946424
	-1.865278	1.644758	0.962465
	-1.949404	1.583966	0.978506
	-2.031556	1.518983	0.994547
	-2.111535	1.449880	1.010588
	-2.189146	1.376735	1.026629
	-2.264198	1.299634	1.042670
	-2.336504	1.218671	1.058711
	-2.405878	1.133951	1.074752
	-2.472142	1.045584	1.090793
	-2.535111	0.953687	1.106834
	-2.594605	0.858382	1.122875
	-2.650447	0.759805	1.138916
	-2.702464	0.658096	1.154958
	-2.750490	0.553407	1.170999
	-2.794365	0.445898	1.187040
	-2.833935	0.335738	1.203081
	-2.869053	0.223102	1.219122
	-2.899581	0.108174	1.235163
	-2.925386	-0.008852	1.251204
	-2.946347	-0.127779	1.267245
	-2.962353	-0.248402	1.283286
	-2.973304	-0.370509	1.299327
	-2.979108	-0.493885	1.315368
	-2.979683	-0.618308	1.331409
	-2.974956	-0.743553	1.347450
	-2.964865	-0.869391	1.363492
	-2.949355	-0.995588	1.379533
	-2.928385	-1.121910	1.395574
	-2.901923	-1.248116	1.411615
	-2.869946	-1.373967	1.427656
	-2.832443	-1.499218	1.443697
	-2.789410	-1.623624	1.459738
	-2.740858	-1.746939	1.475779
	-2.686805	-1.868916	1.491820
	-2.627283	-1.989307	1.507861
	-2.562334	-2.107867	1.523902
	-2.492011	-2.224350	1.539943
	-2.416380	-2.338510	1.555984
	-2.335515	-2.450107	1.572026
	-2.249504	-2.558898	1.588067
	-2.158444	-2.664649	1.604108
	-2.062446	-2.767127	1.620149
	-1.961629	-2.866103	1.636190
	-1.856124	-2.961355	1.652231
	-1.746072	-3.052664	1.668272
	-1.631625	-3.139817	1.684313
	-1.512942	-3.222607	1.700354
	-1.390193	-3.300834	1.716395
	-1.263559	-3.374303	1.732436
	-1.133227	-3.442830	1.748477
	-0.999395	-3.506233	1.764518
	-0.862268	-3.564343	1.780560
	-0.722058	-3.616995	1.796601
	-0.578988	-3.664034	1.812642
	-0.433287	-3.705315	1.828683
	-0.285189	-3.740701	1.844724
	-0.134938	-3.770065	1.860765
	0.017218	-3.793291	1.876806
	0.171023	-3.810273	1.892847
	0.326218	-3.820916	1.908888
	0.482536	-3.825136	1.924929
	0.639709	-3.822860	1.940970
	0.797462	-3.814029	1.957011
	0.955519	-3.798592	1.973052
	1.113600	-3.776515	1.989094
	1.271423	-3.747772	2.005135
	1.428704	-3.712350	2.021176
	1.585158	-3.670250	2.037217
	1.740500	-3.621483	2.053258
	1.894442	-3.566073	2.069299
	2.046699	-3.504056	2.085340
	2.196987	-3.435481	2.101381
	2.345020	-3.360408	2.117422
	2.490516	-3.278911	2.133463
	2.633196	-3.191072	2.149504
	2.772780	-3.096991	2.165545
	2.908995	-2.996775	2.181586
	3.041570	-2.890545	2.197628
	3.170239	-2.778436	2.213669
	3.294742	-2.660592	2.229710
	3.414822	-2.537170	2.245751
	3.530230	-2.408338	2.261792
	3.640723	-2.274275	2.277833
	3.746066	-2.135171	2.293874
	3.846030	-1.991228	2.309915
	3.940398	-1.842657	2.325956
	4.028956	-1.689680	2.341997
	4.111504	-1.532526	2.358038
	4.187848	-1.371435	2.374079
	4.257805	-1.206656	2.390120
	4.321202	-1.038445	2.406162
	4.377877	-0.867067	2.422203
	4.427677	-0.692794	2.438244
	4.470460	-0.515905	2.454285
	4.506098	-0.336686	2.470326
	4.534470	-0.155428	2.486367
	4.555470	0.027570	2.502408
	4.569004	0.212006	2.518449
	4.574991	0.397571	2.534490
	4.573360	0.583954	2.550531
	4.564057	0.770839	2.566572
	4.547039	0.957907	2.582613
	4.522277	1.144836	2.598654
	4.489754	1.331303	2.614696
	4.449470	1.516983	2.630737
	4.401438	1.701551	2.646778
	4.345684	1.884680	2.662819
	4.282248	2.066047	2.678860
	4.211183	2.245327	2.694901
	4.132558	2.422197	2.710942
	4.046453	2.596337	2.726983
	3.952964	2.767431	2.743024
	3.852198	2.935162	2.759065
	3.744278	3.099222	2.775106
	3.629337	3.259303	2.791147
	3.507523	3.415105	2.807188
	3.378995	3.566331	2.823230
	3.243928	3.712690	2.839271
	3.102506	3.853901	2.855312
	2.954928	3.989685	2.871353
	2.801402	4.119774	2.887394
	2.642152	4.243908	2.903435
	2.477409	4.361835	2.919476
	2.307419	4.473312	2.935517
	2.132436	4.578107	2.951558
	1.952725	4.675998	2.967599
	1.768562	4.766773	2.983640
	1.580231	4.850233	2.999681
	1.388026	4.926190	3.015722
	1.192249	4.994466	3.031764
	0.993210	5.054897	3.047805
	0.791224	5.107333	3.063846
	0.586618	5.151633	3.079887
	0.379720	5.187673	3.095928
	0.170867	5.215340	3.111969
	-0.039600	5.234536	3.128010
	-0.251334	5.245175	3.144051
	-0.463986	5.247186	3.160092
	-0.677200	5.240513	3.176133
	-0.890621	5.225113	3.192174
	-1.103887	5.200960	3.208215
	-1.316638	5.168041	3.224256
	-1.528512	5.126360	3.240298
	-1.739144	5.075933	3.256339
	-1.948171	5.016794	3.272380
	-2.155231	4.948991	3.288421
	-2.359963	4.872589	3.304462
	-2.562009	4.787668	3.320503
	-2.761011	4.694320	3.336544
	-2.956618	4.592657	3.352585
	-3.148481	4.482801	3.368626
	-3.336256	4.364892	3.384667
	-3.519604	4.239083	3.400708
	-3.698191	4.105541	3.416749
	-3.871692	3.964447	3.432790
	-4.039786	3.815998	3.448832
	-4.202161	3.660402	3.464873
	-4.358512	3.497879	3.480914
	-4.508544	3.328665	3.496955
	-4.651968	3.153006	3.512996
	-4.788508	2.971163	3.529037
	-4.917897	2.783406	3.545078
	-5.039879	2.590018	3.561119
	-5.154209	2.391294	3.577160
	-5.260653	2.187539	3.593201
	-5.358991	1.979067	3.609242
	-5.449015	1.766202	3.625283
	-5.530529	1.549280	3.641324
	-5.603355	1.328642	3.657366
	-5.667324	1.104639	3.673407
	-5.722284	0.877629	3.689448
	-5.768096	0.647976	3.705489
	-5.804639	0.416051	3.721530
	-5.831803	0.182231	3.737571
	-5.849496	-0.053103	3.753612
	-5.857641	-0.289566	3.769653
	-5.856176	-0.526767	3.785694
	-5.845056	-0.764315	3.801735
	-5.824249	-1.001814	3.817776
	-5.793743	-1.238867	3.833817
	-5.753539	-1.475077	3.849858
	-5.703656	-1.710044	3.865900
	-5.644130	-1.943369	3.881941
	-5.575012	-2.174656	3.897982
	-5.496371	-2.403508	3.914023
	-5.408290	-2.629531	3.930064
	-5.310872	-2.852334	3.946105
	-5.204233	-3.071529	3.962146
	-5.088508	-3.286733	3.978187
	-4.963847	-3.497570	3.994228
	-4.830416	-3.703666	4.010269
	-4.688396	-3.904656	4.026310
	-4.537984	-4.100182	4.042351
	-4.379391	-4.289893	4.058392
	-4.212845	-4.473445	4.074434
	-4.038585	-4.650505	4.090475
	-3.856866	-4.820750	4.106516
	-3.667956	-4.983863	4.122557
	-3.472137	-5.139542	4.138598
	-3.269702	-5.287494	4.154639
	-3.060958	-5.427435	4.170680
	-2.846223	-5.559098	4.186721
	-2.625827	-5.682226	4.202762
	-2.400111	-5.796574	4.218803
	-2.169425	-5.901914	4.234844
	-1.934132	-5.998029	4.250885
	-1.694602	-6.084719	4.266926
	-1.451214	-6.161797	4.282968
	-1.204356	-6.229093	4.299009
	-0.954422	-6.286452	4.315050
	-0.701816	-6.333736	4.331091
	-0.446945	-6.370824	4.347132
	-0.190223	-6.397609	4.363173
	0.067933	-6.414005	4.379214
	0.327100	-6.419938	4.395255
	0.586852	-6.415356	4.411296
	0.846761	-6.400222	4.427337
	1.106396	-6.374515	4.443378
	1.365327	-6.338235	4.459419
	1.623120	-6.291398	4.475460
	1.879344	-6.234035	4.491502
	2.133567	-6.166198	4.507543
	2.385360	-6.087955	4.523584
	2.634295	-5.999393	4.539625
	2.879947	-5.900614	4.555666
	3.121896	-5.791741	4.571707
	3.359725	-5.672911	4.587748
	3.593024	-5.544282	4.603789
	3.821386	-5.406026	4.619830
	4.044413	-5.258332	4.635871
	4.261715	-5.101408	4.651912
	4.472909	-4.935477	4.667953
	4.677621	-4.760778	4.683994
	4.875486	-4.577566	4.700036
	5.066150	-4.386110	4.716077
	5.249269	-4.186695	4.732118
	5.424511	-3.979620	4.748159
	5.591556	-3.765197	4.764200
	5.750095	-3.543752	4.780241
	5.899833	-3.315625	4.796282
	6.040489	-3.081167	4.812323
	6.171795	-2.840739	4.828364
	6.293496	-2.594717	4.844405
	6.405355	-2.343485	4.860446
	6.507148	-2.087439	4.876487
	6.598668	-1.826984	4.892528
	6.679725	-1.562532	4.908570
	6.750145	-1.294506	4.924611
	6.809770	-1.023335	4.940652
	6.858460	-0.749456	4.956693
	6.896095	-0.473312	4.972734
	6.922571	-0.195349	4.988775
	6.937803	0.083979	5.004816
	6.941725	0.364216	5.020857
	6.934289	0.644903	5.036898
	6.915465	0.925577	5.052939
	6.885244	1.205775	5.068980
	6.843634	1.485033	5.085021
	6.790662	1.762888	5.101062
	6.726375	2.038874	5.117104
	6.650838	2.312531	5.133145
	6.564136	2.583398	5.149186
	6.466370	2.851019	5.165227
	6.357663	3.114941	5.181268
	6.238153	3.374714	5.197309
	6.107999	3.629895	5.213350
	5.967377	3.880048	5.229391
	5.816483	4.124740	5.245432
	5.655528	4.363549	5.261473
	5.484743	4.596061	5.277514
	5.304374	4.821869	5.293555
	5.114685	5.040577	5.309596
	4.915956	5.251801	5.325638
	4.708486	5.455165	5.341679
	4.492585	5.650309	5.357720
	4.268581	5.836882	5.373761
	4.036815	6.014548	5.389802
	3.797643	6.182984	5.405843
	3.551435	6.341881	5.421884
	3.298571	6.490945	5.437925
	3.039446	6.629898	5.453966
	2.774466	6.758477	5.470007
	2.504047	6.876436	5.486048
	2.228616	6.983544	5.502089
	1.948609	7.079589	5.518130
	1.664473	7.164374	5.534172
	1.376661	7.237722	5.550213
	1.085635	7.299474	5.566254
	0.791863	7.349491	5.582295
	0.495820	7.387650	5.598336
	0.197987	7.413849	5.614377
	-0.101153	7.428005	5.630418
	-0.401111	7.430057	5.646459
	-0.701396	7.419960	5.662500
	-1.001515	7.397694	5.678541
	-1.300972	7.363256	5.694582
	-1.599273	7.316663	5.710623
	-1.895925	7.257953	5.726664
	-2.190432	7.187185	5.742706
	-2.482305	7.104438	5.758747
	-2.771054	7.009808	5.774788
	-3.056196	6.903415	5.790829
	-3.337250	6.785397	5.806870
	-3.613741	6.655911	5.822911
	-3.885200	6.515133	5.838952
	-4.151165	6.363259	5.854993
	-4.411181	6.200503	5.871034
	-4.664802	6.027100	5.887075
	-4.911590	5.843301	5.903116
	-5.151119	5.649374	5.919157
	-5.382972	5.445609	5.935198
	-5.606744	5.232309	5.951240
	-5.822042	5.009795	5.967281
	-6.028485	4.778405	5.983322
	-6.225708	4.538493	5.999363
	-6.413358	4.290426	6.015404
	-6.591099	4.034590	6.031445
	-6.758608	3.771380	6.047486
	-6.915579	3.501207	6.063527
	-7.061724	3.224494	6.079568
	-7.196770	2.941676	6.095609
	-7.320463	2.653201	6.111650
	-7.432565	2.359524	6.127691
	-7.532859	2.061113	6.143732
	-7.621144	1.758444	6.159774
	-7.697240	1.452000	6.175815
	-7.760986	1.142275	6.191856
	-7.812240	0.829766	6.207897
	-7.850881	0.514979	6.223938
	-7.876809	0.198424	6.239979
	-7.889943	-0.119384	6.256020
	-7.890223	-0.437927	6.272061
	-7.877613	-0.756684	6.288102
	-7.852095	-1.075133	6.304143
	-7.813674	-1.392748	6.320184
	-7.762375	-1.709007	6.336225
	-7.698247	-2.023385	6.352266
	-7.621358	-2.335363	6.368308
	-7.531799	-2.644419	6.384349
	-7.429681	-2.950040	6.400390
	-7.315137	-3.251714	6.416431
	-7.188319	-3.548935	6.432472
	-7.049401	-3.841203	6.448513
	-6.898578	-4.128024	6.464554
	-6.736063	-4.408913	6.480595
	-6.562091	-4.683392	6.496636
	-6.376915	-4.950994	6.512677
	-6.180806	-5.211260	6.528718
	-5.974056	-5.463742	6.544759
	-5.756975	-5.708004	6.560800
	-5.529889	-5.943623	6.576842
	-5.293144	-6.170189	6.592883
	-5.047101	-6.387304	6.608924
	-4.792138	-6.594585	6.624965
	-4.528649	-6.791667	6.641006
	-4.257042	-6.978196	6.657047
	-3.977742	-7.153840	6.673088
	-3.691185	-7.318281	6.689129
	-3.397824	-7.471218	6.705170
	-3.098119	-7.612371	6.721211
	-2.792547	-7.741476	6.737252
	-2.481592	-7.858290	6.753293
	-2.165751	-7.962589	6.769334
	-1.845527	-8.054169	6.785376
	-1.521434	-8.132847	6.801417
	-1.193993	-8.198458	6.817458
	-0.863731	-8.250862	6.833499
	-0.531184	-8.289937	6.849540
	-0.196889	-8.315583	6.865581
	0.138611	-8.327724	6.881622
	0.474768	-8.326302	6.897663
	0.811034	-8.311285	6.913704
	1.146857	-8.282662	6.929745
	1.481685	-8.240444	6.945786
	1.814968	-8.184663	6.961827
	2.146155	-8.115377	6.977868
	2.474697	-8.032664	6.993910
	2.800050	-7.936625	7.009951
	3.121671	-7.827384	7.025992
	3.439025	-7.705086	7.042033
	3.751580	-7.569898	7.058074
	4.058812	-7.422010	7.074115
	4.360205	-7.261632	7.090156
	4.655251	-7.088995	7.106197
	4.943449	-6.904351	7.122238
	5.224312	-6.707973	7.138279
	5.497360	-6.500152	7.154320
	5.762127	-6.281201	7.170361
	6.018158	-6.051450	7.186402
	6.265013	-5.811248	7.202444
	6.502263	-5.560961	7.218485
	6.729496	-5.300975	7.234526
	6.946315	-5.031690	7.250567
	7.152339	-4.753526	7.266608
	7.347202	-4.466914	7.282649
	7.530559	-4.172304	7.298690
	7.702080	-3.870159	7.314731
	7.861454	-3.560954	7.330772
	8.008393	-3.245180	7.346813
	8.142624	-2.923336	7.362854
	8.263898	-2.595937	7.378895
	8.371985	-2.263504	7.394937
	8.466675	-1.926570	7.410978
	8.547783	-1.585675	7.427019
	8.615143	-1.241369	7.443060
	8.668611	-0.894206	7.459101
	8.708068	-0.544748	7.475142
	8.733415	-0.193561	7.491183
	8.744577	0.158784	7.507224
	8.741502	0.511713	7.523265
	8.724161	0.864650	7.539306
	8.692548	1.217018	7.555347
	8.646680	1.568238	7.571388
	8.586599	1.917733	7.587429
	8.512369	2.264927	7.603471
	8.424078	2.609245	7.619512
	8.321837	2.950118	7.635553
	8.205780	3.286979	7.651594
	8.076066	3.619268	7.667635
	7.932874	3.946429	7.683676
	7.776409	4.267916	7.699717
	7.606896	4.583190	7.715758
	7.424582	4.891720	7.731799
	7.229737	5.192986	7.747840
	7.022650	5.486479	7.763881
	6.803633	5.771701	7.779922
	6.573016	6.048166	7.795963
	6.331151	6.315402	7.812005
	6.078408	6.572953	7.828046
	5.815176	6.820373	7.844087
	5.541860	7.057236	7.860128
	5.258885	7.283129	7.876169
	4.966691	7.497659	7.892210
	4.665736	7.700448	7.908251
	4.356492	7.891138	7.924292
	4.039445	8.069389	7.940333
	3.715098	8.234882	7.956374
	3.383963	8.387317	7.972415
	3.046568	8.526416	7.988456
	2.703451	8.651920	8.004497
	2.355160	8.763595	8.020539
	2.002253	8.861227	8.036580
	1.645298	8.944627	8.052621
	1.284869	9.013626	8.068662
	0.921549	9.068080	8.084703
	0.555925	9.107869	8.100744
	0.188590	9.132896	8.116785
	-0.179858	9.143087	8.132826
	-0.548821	9.138395	8.148867
	-0.917697	9.118794	8.164908
	-1.285881	9.084283	8.180949
	-1.652770	9.034888	8.196990
	-2.017763	8.970656	8.213031
	-2.380258	8.891659	8.229073
	-2.739657	8.797995	8.245114
	-3.095365	8.689785	8.261155
	-3.446794	8.567174	8.277196
	-3.793358	8.430332	8.293237
	-4.134482	8.279451	8.309278
	-4.469595	8.114748	8.325319
	-4.798137	7.936462	8.341360
	-5.119556	7.744858	8.357401
	-5.433313	7.540219	8.373442
	-5.738877	7.322853	8.389483
	-6.035733	7.093089	8.405524
	-6.323377	6.851277	8.421565
	-6.601320	6.597787	8.437607
	-6.869087	6.333008	8.453648
	-7.126219	6.057350	8.469689
	-7.372276	5.771241	8.485730
	-7.606830	5.475127	8.501771
	-7.829476	5.169470	8.517812
	-8.039824	4.854751	8.533853
	-8.237506	4.531464	8.549894
	-8.422171	4.200120	8.565935
	-8.593490	3.861243	8.581976
	-8.751157	3.515372	8.598017
	-8.894884	3.163058	8.614058
	-9.024408	2.804862	8.630099
	-9.139489	2.441358	8.646141
	-9.239907	2.073129	8.662182
	-9.325469	1.700768	8.678223
	-9.396005	1.324874	8.694264
	-9.451370	0.946056	8.710305
	-9.491442	0.564925	8.726346
	-9.516125	0.182100	8.742387
	-9.525349	-0.201796	8.758428
	-9.519068	-0.586139	8.774469
	-9.497260	-0.970302	8.790510
	-9.459930	-1.353656	8.806551
	-9.407109	-1.735575	8.822592
	-9.338853	-2.115431	8.838633
	-9.255241	-2.492600	8.854675
	-9.156381	-2.866460	8.870716
	-9.042401	-3.236395	8.886757
	-8.913459	-3.601791	8.902798
	-8.769735	-3.962044	8.918839
	-8.611434	-4.316554	8.934880
	-8.438786	-4.664731	8.950921
	-8.252045	-5.005993	8.966962
	-8.051487	-5.339769	8.983003
	-7.837412	-5.665499	8.999044
	-7.610145	-5.982634	9.015085
	-7.370031	-6.290641	9.031126
	-7.117437	-6.588998	9.047167
	-6.852751	-6.877200	9.063209
	-6.576383	-7.154755	9.079250
	-6.288762	-7.421191	9.095291
	-5.990337	-7.676051	9.111332
	-5.681572	-7.918896	9.127373
	-5.362954	-8.149307	9.143414
	-5.034983	-8.366885	9.159455
	-4.698178	-8.571249	9.175496
	-4.353071	-8.762040	9.191537
	-4.000209	-8.938922	9.207578
	-3.640154	-9.101577	9.223619
	-3.273480	-9.249714	9.239660
	-2.900773	-9.383061	9.255701
	-2.522630	-9.501375	9.271743
	-2.139658	-9.604431	9.287784
	-1.752474	-9.692033	9.303825
	-1.361701	-9.764009	9.319866
	-0.967971	-9.820211	9.335907
	-0.571921	-9.860517	9.351948
	-0.174195	-9.884831	9.367989
	0.224562	-9.893086	9.384030
	0.623700	-9.885237	9.400071
	1.022569	-9.861267	9.416112
	1.420517	-9.821186	9.432153
	1.816891	-9.765029	9.448194
	2.211043	-9.692859	9.464235
	2.602325	-9.604764	9.480277
	2.990092	-9.500859	9.496318
	3.373706	-9.381284	9.512359
	3.752533	-9.246206	9.528400
	4.125945	-9.095817	9.544441
	4.493324	-8.930332	9.560482
	4.854057	-8.749995	9.576523
	5.207544	-8.555073	9.592564
	5.553195	-8.345856	9.608605
	5.890431	-8.122661	9.624646
	6.218685	-7.885825	9.640687
	6.537406	-7.635711	9.656728
	6.846055	-7.372702	9.672769
	7.144110	-7.097204	9.688811
	7.431067	-6.809645	9.704852
	7.706435	-6.510473	9.720893
	7.969746	-6.200155	9.736934
	8.220547	-5.879178	9.752975
	8.458408	-5.548048	9.769016
	8.682917	-5.207286	9.785057
	8.893685	-4.857431	9.801098
	9.090342	-4.499039	9.817139
	9.272543	-4.132679	9.833180
	9.439965	-3.758935	9.849221
	9.592310	-3.378403	9.865262
	9.729301	-2.991694	9.881303
	9.850687	-2.599425	9.897345
	9.956243	-2.202228	9.913386
	10.045767	-1.800743	9.929427
	10.119086	-1.395616	9.945468
	10.176052	-0.987502	9.961509
	10.216541	-0.577063	9.977550
	10.240459	-0.164964	9.993591
	10.247737	0.248126	10.009632
	10.238336	0.661533	10.025673
	10.212240	1.074583	10.041714
	10.169464	1.486603	10.057755
	10.110049	1.896917	10.073796
	10.034064	2.304853	10.089837
	9.941603	2.709741	10.105879
	9.832791	3.110916	10.121920
	9.707776	3.507716	10.137961
	9.566735	3.899487	10.154002
	9.409870	4.285581	10.170043
	9.237411	4.665359	10.186084
	9.049612	5.038190	10.202125
	8.846754	5.403454	10.218166
	8.629141	5.760543	10.234207
	8.397102	6.108859	10.250248
	8.150992	6.447819	10.266289
	7.891188	6.776854	10.282330
	7.618091	7.095410	10.298371
	7.332123	7.402950	10.314413
	7.033729	7.698953	10.330454
	6.723375	7.982916	10.346495
	6.401547	8.254356	10.362536
	6.068751	8.512808	10.378577
	5.725512	8.757830	10.394618
	5.372372	8.988999	10.410659
	5.009892	9.205915	10.426700
	4.638648	9.408202	10.442741
	4.259229	9.595504	10.458782
	3.872242	9.767492	10.474823
	3.478306	9.923859	10.490864
	3.078052	10.064326	10.506905
	2.672122	10.188637	10.522947
	2.261168	10.296562	10.538988
	1.845854	10.387899	10.555029
	1.426847	10.462470	10.571070
	1.004827	10.520126	10.587111
	0.580477	10.560746	10.603152
	0.154484	10.584234	10.619193
	-0.272459	10.590525	10.635234
	-0.699657	10.579578	10.651275
	-1.126413	10.551385	10.667316
	-1.552032	10.505962	10.683357
	-1.975816	10.443356	10.699398
	-2.397070	10.363640	10.715439
	-2.815105	10.266918	10.731481
	-3.229233	10.153320	10.747522
	-3.638772	10.023004	10.763563
	-4.043046	9.876156	10.779604
	-4.441389	9.712990	10.795645
	-4.833141	9.533745	10.811686
	-5.217652	9.338688	10.827727
	-5.594284	9.128113	10.843768
	-5.962412	8.902337	10.859809
	-6.321419	8.661705	10.875850
	-6.670708	8.406585	10.891891
	-7.009692	8.137371	10.907932
	-7.337802	7.854477	10.923973
	-7.654486	7.558345	10.940015
	-7.959209	7.249434	10.956056
	-8.251454	6.928230	10.972097
	-8.530726	6.595236	10.988138
	-8.796548	6.250976	11.004179
	-9.048465	5.895995	11.020220
	-9.286044	5.530853	11.036261
	-9.508875	5.156132	11.052302
	-9.716573	4.772427	11.068343
	-9.908774	4.380349	11.084384
	-10.085142	3.980526	11.100425
	-10.245365	3.573598	11.116466
	-10.389156	3.160216	11.132507
	-10.516255	2.741046	11.148549
	-10.626430	2.316761	11.164590
	-10.719475	1.888046	11.180631
	-10.795212	1.455593	11.196672
	-10.853491	1.020100	11.212713
	-10.894190	0.582273	11.228754
	-10.917214	0.142823	11.244795
	-10.922500	-0.297537	11.260836
	-10.910010	-0.738090	11.276877
	-10.879738	-1.178118	11.292918
	-10.831706	-1.616903	11.308959
	-10.765964	-2.053728	11.325000
	-10.682592	-2.487876	11.341041
	-10.581699	-2.918637	11.357083
	-10.463424	-3.345301	11.373124
	-10.327931	-3.767169	11.389165
	-10.175418	-4.183543	11.405206
	-10.006106	-4.593737	11.421247
	-9.820246	-4.997073	11.437288
	-9.618118	-5.392884	11.453329
	-9.400025	-5.780512	11.469370
	-9.166301	-6.159314	11.485411
	-8.917302	-6.528658	11.501452
	-8.653412	-6.887929	11.517493
	-8.375038	-7.236527	11.533534
	-8.082613	-7.573866	11.549575
	-7.776593	-7.899380	11.565617
	-7.457455	-8.212522	11.581658
	-7.125701	-8.512761	11.597699
	-6.781851	-8.799588	11.613740
	-6.426449	-9.072517	11.629781
	-6.060056	-9.331081	11.645822
	-5.683254	-9.574838	11.661863
	-5.296640	-9.803367	11.677904
	-4.900832	-10.016273	11.693945
	-4.496460	-10.213187	11.709986
	-4.084172	-10.393763	11.726027
	-3.664627	-10.557684	11.742068
	-3.238500	-10.704658	11.758109
	-2.806476	-10.834421	11.774151
	-2.369250	-10.946736	11.790192
	-1.927527	-11.041395	11.806233
	-1.482021	-11.118218	11.822274
	-1.033453	-11.177055	11.838315
	-0.582549	-11.217783	11.854356
	-0.130041	-11.240310	11.870397
	0.323337	-11.244573	11.886438
	0.776846	-11.230538	11.902479
	1.229747	-11.198201	11.918520
	1.681303	-11.147589	11.934561
	2.130774	-11.078757	11.950602
	2.577425	-10.991791	11.966643
	3.020523	-10.886806	11.982685
	3.459342	-10.763948	11.998726
	3.893160	-10.623390	12.014767
	4.321263	-10.465336	12.030808
	4.742943	-10.290019	12.046849
	5.157506	-10.097700	12.062890
	5.564264	-9.888669	12.078931
	5.962544	-9.663242	12.094972
	6.351686	-9.421764	12.111013
	6.731040	-9.164607	12.127054
	7.099977	-8.892166	12.143095
	7.457879	-8.604865	12.159136
	7.804149	-8.303151	12.175177
	8.138205	-7.987495	12.191219
	8.459487	-7.658393	12.207260
	8.767452	-7.316362	12.223301
	9.061580	-6.961940	12.239342
	9.341372	-6.595688	12.255383
	9.606352	-6.218186	12.271424
	9.856068	-5.830033	12.287465
	10.090089	-5.431846	12.303506
	10.308014	-5.024261	12.319547
	10.509464	-4.607929	12.335588
	10.694087	-4.183515	12.351629
	10.861560	-3.751700	12.367670
	11.011584	-3.313178	12.383711
	11.143893	-2.868655	12.399753
	11.258245	-2.418845	12.415794
	11.354429	-1.964476	12.431835
	11.432265	-1.506282	12.447876
	11.491600	-1.045004	12.463917
	11.532312	-0.581389	12.479958
	11.554310	-0.116190	12.495999
	11.557533	0.349838	12.512040
	11.541949	0.815935	12.528081
	11.507558	1.281344	12.544122
	11.454391	1.745304	12.560163
	11.382509	2.207058	12.576204
	11.292002	2.665851	12.592245
	11.182994	3.120930	12.608287
	11.055635	3.571549	12.624328
	10.910108	4.016968	12.640369
	10.746626	4.456454	12.656410
	10.565431	4.889283	12.672451
	10.366792	5.314739	12.688492
	10.151012	5.732121	12.704533
	9.918417	6.140735	12.720574
	9.669364	6.539905	12.736615
	9.404238	6.928968	12.752656
	9.123449	7.307277	12.768697
	8.827433	7.674200	12.784738
	8.516653	8.029124	12.800779
	8.191596	8.371456	12.816821
	7.852772	8.700621	12.832862
	7.500715	9.016065	12.848903
	7.135982	9.317256	12.864944
	6.759149	9.603685	12.880985
	6.370815	9.874866	12.897026
	5.971596	10.130336	12.913067
	5.562129	10.369659	12.929108
	5.143066	10.592422	12.945149
	4.715079	10.798241	12.961190
	4.278852	10.986757	12.977231
	3.835084	11.157642	12.993272
	3.384490	11.310591	13.009313
	2.927794	11.445334	13.025355
	2.465733	11.561625	13.041396
	1.999051	11.659251	13.057437
	1.528504	11.738029	13.073478
	1.054854	11.797806	13.089519
	0.578867	11.838460	13.105560
	0.101317	11.859900	13.121601
	-0.377020	11.862066	13.137642
	-0.855367	11.844929	13.153683
	-1.332943	11.808494	13.169724
	-1.808971	11.752795	13.185765
	-2.282672	11.677897	13.201806
	-2.753272	11.583898	13.217847
	-3.220001	11.470926	13.233889
	-3.682092	11.339141	13.249930
	-4.138789	11.188732	13.265971
	-4.589338	11.019922	13.282012
	-5.032999	10.832960	13.298053
	-5.469040	10.628127	13.314094
	-5.896741	10.405735	13.330135
	-6.315393	10.166123	13.346176
	-6.724304	9.909659	13.362217
	-7.122794	9.636739	13.378258
	-7.510200	9.347786	13.394299
	-7.885878	9.043252	13.410340
	-8.249201	8.723612	13.426381
	-8.599561	8.389369	13.442423
	-8.936371	8.041048	13.458464
	-9.259065	7.679200	13.474505
	-9.567101	7.304396	13.490546
	-9.859957	6.917231	13.506587
	-10.137139	6.518321	13.522628
	-10.398174	6.108300	13.538669
	-10.642618	5.687822	13.554710
	-10.870051	5.257558	13.570751
	-11.080083	4.818198	13.586792
	-11.272347	4.370446	13.602833
	-11.446510	3.915019	13.618874
	-11.602263	3.452650	13.634915
	-11.739331	2.984084	13.650957
	-11.857467	2.510076	13.666998
	-11.956453	2.031391	13.683039
	-12.036105	1.548803	13.699080
	-12.096269	1.063094	13.715121
	-12.136823	0.575051	13.731162
	-12.157675	0.085465	13.747203
	-12.158769	-0.404866	13.763244
	-12.140077	-0.895146	13.779285
	-12.101607	-1.384576	13.795326
	-12.043396	-1.872357	13.811367
	-11.965515	-2.357694	13.827408
	-11.868068	-2.839792	13.843449
	-11.751189	-3.317862	13.859491
	-11.615044	-3.791121	13.875532
	-11.459833	-4.258793	13.891573
	-11.285784	-4.720109	13.907614
	-11.093158	-5.174309	13.923655
	-10.882245	-5.620646	13.939696
	-10.653367	-6.058382	13.955737
	-10.406873	-6.486795	13.971778
	-10.143145	-6.905174	13.987819
	-9.862590	-7.312827	14.003860
	-9.565644	-7.709075	14.019901
	-9.252771	-8.093261	14.035942
	-8.924462	-8.464742	14.051983
	-8.581232	-8.822898	14.068025
	-8.223623	-9.167131	14.084066
	-7.852199	-9.496862	14.100107
	-7.467550	-9.811537	14.116148
	-7.070285	-10.110626	14.132189
	-6.661037	-10.393622	14.148230
	-6.240459	-10.660047	14.164271
	-5.809221	-10.909446	14.180312
	-5.368014	-11.141392	14.196353
	-4.917543	-11.355488	14.212394
	-4.458532	-11.551363	14.228435
	-3.991717	-11.728678	14.244476
	-3.517850	-11.887120	14.260517
	-3.037694	-12.026409	14.276559
	-2.552023	-12.146296	14.292600
	-2.061621	-12.246562	14.308641
	-1.567282	-12.327020	14.324682
	-1.069806	-12.387516	14.340723
	-0.569999	-12.427928	14.356764
	-0.068673	-12.448165	14.372805
	0.433359	-12.448171	14.388846
	0.935278	-12.427922	14.404887
	1.436268	-12.387426	14.420928
	1.935512	-12.326727	14.436969
	2.432193	-12.245897	14.453010
	2.925501	-12.145046	14.469051
	3.414628	-12.024314	14.485093
	3.898772	-11.883874	14.501134
	4.377139	-11.723931	14.517175
	4.848942	-11.544724	14.533216
	5.313405	-11.346521	14.549257
	5.769763	-11.129623	14.565298
	6.217264	-10.894362	14.581339
	6.655169	-10.641101	14.597380
	7.082755	-10.370233	14.613421
	7.499313	-10.082179	14.629462
	7.904155	-9.777389	14.645503
	8.296608	-9.456342	14.661544
	8.676021	-9.119541	14.677585
	9.041761	-8.767518	14.693627
	9.393221	-8.400829	14.709668
	9.729811	-8.020052	14.725709
	10.050969	-7.625793	14.741750
	10.356151	-7.218672	14.757791
	10.644836	-6.799336	14.773832
	10.916531	-6.368449	14.789873
	11.170768	-5.926697	14.805914
	11.407107	-5.474787	14.821955
	11.625138	-5.013442	14.837996
	11.824477	-4.543403	14.854037
	12.004773	-4.065426	14.870078
	12.165703	-3.580284	14.886119
	12.306976	-3.088760	14.902161
	12.428348	-2.591656	14.918202
	12.529617	-2.089782	14.934243
	12.610619	-1.583955	14.950284
	12.671220	-1.074995	14.966325
	12.711323	-0.563726	14.982366
	12.730860	-0.050970	14.998407
	12.729800	0.462448	15.014448
	12.708142	0.975705	15.030489
	12.665918	1.487983	15.046530
	12.603193	1.998465	15.062571
	12.520049	2.506339	15.078612
	12.416532	3.010780	15.094653
	12.292703	3.510952	15.110695
	12.148660	4.006011	15.126736
	11.984538	4.495108	15.142777
	11.800511	4.977393	15.158818
	11.596789	5.452011	15.174859
	11.373626	5.918109	15.190900
	11.131314	6.374836	15.206941
	10.870187	6.821346	15.222982
	10.590625	7.256803	15.239023
	10.293187	7.680482	15.255064
	9.978614	8.091822	15.271105
	9.647655	8.490325	15.287146
	9.301054	8.875554	15.303187
	8.939548	9.247126	15.319229
	8.563858	9.604714	15.335270
	8.174687	9.948041	15.351311
	7.772720	10.276877	15.367352
	7.358613	10.591037	15.383393
	6.932997	10.890377	15.399434
	6.496368	11.174615	15.415475
	6.048765	11.442627	15.431516
	5.590239	11.692978	15.447557
	5.121020	11.924170	15.463598
	4.641530	12.134663	15.479639
	4.152384	12.322889	15.495680
	3.654400	12.487275	15.511721
	3.148594	12.626260	15.527763
	2.636188	12.738313	15.543804
	2.118606	12.821957	15.559845
	1.597486	12.875857	15.575886
	1.074845	12.901157	15.591927
	0.552622	12.901944	15.607968
	0.032086	12.882587	15.624009
	-0.486189	12.847511	15.640050
	-1.002329	12.801127	15.656091
	-1.517154	12.747759	15.672132
	-2.032170	12.691578	15.688173
	-2.549549	12.636531	15.704214
	-3.072110	12.586274	15.720255
	-3.603293	12.544108	15.736297
	-4.148046	12.515695	15.752338
	-4.717337	12.519391	15.768379
	-5.326895	12.575949	15.784420
	-5.995998	12.703930	15.800461
	-6.747261	12.919344	15.816502
	-7.606395	13.235305	15.832543
	-8.601937	13.661702	15.848584
	-9.764953	14.204896	15.864625
	-11.128718	14.867440	15.880666
	-12.741601	15.664090	15.896707
	-14.715657	16.670645	15.912748
	-17.193814	17.963602	15.928789
	-20.334257	19.598466	15.944831
	-24.308356	21.608147	15.960872
	-29.298480	24.001517	15.976913
	-35.495674	26.762147	15.992954
	-43.097245	29.847224	16.008995
	-52.304246	33.186659	16.025036
