0.000000000000000000e+00 7.000000000000000000e+00 0.000000000000000000e+00
5.331805632429554263e-03 6.999997969417469434e+00 1.142523072649576348e-03
2.132719101850208757e-02 6.999967510704835583e+00 4.570092652541924566e-03
4.798587662774760065e-02 6.999835523470838261e+00 1.028270932484922837e-02
8.530677878154296900e-02 6.999480177377026102e+00 1.828037349530945918e-02
1.332870817582609280e-01 6.998730924520270236e+00 2.856308550594651927e-02
1.919209388714378517e-01 6.997368530613684356e+00 4.113084566067042036e-02
2.611978030564087727e-01 6.995125138814780819e+00 5.598365423752268283e-02
3.411003878513414467e-01 6.991684383995581342e+00 7.312151149578642595e-02
4.316022603596280649e-01 6.986681579179951029e+00 9.254441768059079587e-02
5.326650687762309877e-01 6.979703999777183476e+00 1.142523730261184589e-01
6.442354084056929331e-01 6.970291295100683016e+00 1.382453777579630283e-01
7.662413318471210655e-01 6.957936060454216864e+00 1.645234320949358620e-01
8.985885112227673943e-01 6.942084606766072419e+00 1.930865362505001515e-01
1.041156063031042134e+00 6.922137968316848244e+00 2.239346904339423738e-01
1.193792049458356930e+00 6.897453192494315211e+00 2.570678948513558382e-01
1.356308673830064926e+00 6.867344958664398646e+00 2.924861497064851212e-01
1.528477192357204251e+00 6.831087576107031545e+00 3.301894552014679740e-01
1.710022569475273979e+00 6.787917413454968241e+00 3.701778115375002343e-01
1.900617909898962621e+00 6.737035814107811049e+00 4.124512189154435071e-01
2.099878707048849158e+00 6.677612553576528498e+00 4.570096775363908237e-01
2.307356954747924238e+00 6.608789895538848214e+00 5.038531876022029898e-01
2.522535177029848086e+00 6.529687303435516732e+00 5.529817493160237296e-01
2.744820439524557010e+00 6.439406863583649887e+00 6.043953628827858360e-01
2.973538415149966418e+00 6.337039473889004348e+00 6.580940285097111042e-01
3.207927586680930254e+00 6.221671849158509460e+00 7.140777464068146507e-01
3.447133679105259585e+00 6.092394389595788162e+00 7.723465167874181692e-01
3.690204425403156741e+00 5.948309953149294671e+00 8.329003398686786186e-01
3.936084780364224045e+00 5.788543564817070219e+00 8.957392158721391162e-01
4.183612708117885326e+00 5.612253086637712940e+00 9.608631450243068084e-01
4.431515679997997559e+00 5.418640860763138889e+00 1.028272127557268378e+00
4.678408029954373326e+00 5.206966324575033944e+00 1.097966163709344745e+00
4.922789324689474277e+00 4.976559581148743305e+00 1.169945253725799272e+00
5.163043914725586880e+00 4.726835890383236816e+00 1.244209397859604493e+00
5.397441840344970210e+00 4.457311025729919329e+00 1.320758596372280991e+00
5.624141272402575886e+00 4.167617418628770665e+00 1.399592849534817329e+00
5.841192671959771765e+00 3.857520987505248300e+00 1.480712157628687908e+00
6.046544854064794805e+00 3.526938520556113232e+00 1.564116520946985611e+00
6.238053139316579454e+00 3.175955451681046871e+00 1.649805939795685683e+00
6.413489771572527864e+00 2.804843836996021356e+00 1.737780414495069925e+00
6.570556770758533283e+00 2.414080305673197646e+00 1.828039945381334963e+00
6.706901375662706499e+00 2.004363723762155658e+00 1.920584532808421008e+00
6.820134212296931508e+00 1.576632273631653591e+00 2.015414177150107733e+00
6.907850298362827601e+00 1.132079615313601462e+00 2.112528878802421239e+00
6.967652963064251637e+00 6.721697600323625066e-01 2.211928638186425822e+00
6.997180723521690737e+00 1.986502513879072340e-01 2.313613455751478920e+00
6.994137113993008192e+00 -2.864367830177425023e-01 2.417583331979056727e+00
6.956323411714852689e+00 -7.807461761852128035e-01 2.523838267387277234e+00
6.881674143298146085e+00 -1.281624354271456268e+00 2.632378262536307023e+00
6.768295188239236815e+00 -1.786107568109377208e+00 2.743203318034867166e+00
6.614504221426674491e+00 -2.290924246833293765e+00 2.856313434548151786e+00
6.418873154925404556e+00 -2.792502000174392318e+00 2.971708612807567373e+00
6.180272151441826622e+00 -3.286979789124450324e+00 3.089388853622851094e+00
5.897914688624624979e+00 -3.770225765880061530e+00 3.209354157897372328e+00
5.571403055949939898e+00 -4.237861251639991167e+00 3.331604526647726772e+00
5.200773565916033014e+00 -4.685291273343529461e+00 3.456139961029289775e+00
4.786540660522603297e+00 -5.107742016308560729e+00 3.582960462370193166e+00
4.329738994789035900e+00 -5.500305467608433752e+00 3.712066032217578027e+00
3.831962484003110347e+00 -5.857991423789618679e+00 3.843456672402286944e+00
3.295399213487090417e+00 -6.175786915345174322e+00 3.977132385132359449e+00
2.722861032280493809e+00 -6.448722958763882573e+00 4.113093173133655078e+00
2.117806588959114666e+00 -6.671948384974314195e+00 4.251339039872172876e+00
1.484356522824513025e+00 -6.840810311150889333e+00 4.391869989928991913e+00
8.272995011464466808e-01 -6.950940622347657083e+00 4.534686029690224274e+00
1.520877975155146833e-01 -6.998347612247257210e+00 4.679787168787266971e+00
-5.351788572223893370e-01 -6.979511701457497885e+00 4.827173423780743988e+00
-1.227782341195776894e+00 -6.891483912964450731e+00 4.976844832379537564e+00
-1.918095104353152447e+00 -6.732080745999446947e+00 5.129070211506580712e+00
-2.595912039486116818e+00 -6.500864610438447322e+00 5.285758036259183612e+00
-3.249536312742312472e+00 -6.200041431488107158e+00 5.449918926717441714e+00
-3.869634151966442559e+00 -5.833175081371631876e+00 5.622923827241256056e+00
-4.448984319195072423e+00 -5.404307404983209828e+00 5.804766116936082909e+00
-4.981159395827076786e+00 -4.918134918174127179e+00 5.995245641421663052e+00
-5.460516490371478682e+00 -4.379812742387641400e+00 6.193984241096101684e+00
-5.881972720146924516e+00 -3.795049000928365057e+00 6.400647117541069520e+00
-6.241059151551366035e+00 -3.170044268908076557e+00 6.614938873763660077e+00
-6.533968196055778499e+00 -2.511425812746934216e+00 6.836593323216398232e+00
-6.757593977233868898e+00 -1.826177329519930614e+00 7.065371423333283829e+00
-6.909565269468821214e+00 -1.121564883076432650e+00 7.301054936008601004e+00
-6.988270637423390497e+00 -4.050598698045570489e-01 7.543445257075825694e+00
-6.992875525550160454e+00 3.157402162562926717e-01 7.792359222586322964e+00
-6.923331106040868654e+00 1.033192332592011820e+00 8.047628410895866224e+00
-6.780374796714778718e+00 1.739688942332801913e+00 8.309096234189961905e+00
-6.565522442698043193e+00 2.427738670950464250e+00 8.576617506309291983e+00
-6.281052241218796794e+00 3.090045750968799076e+00 8.850056348512069349e+00
-5.929980587339628073e+00 3.719587374128365376e+00 9.129285914342560204e+00
-5.516030086039094726e+00 4.309688166203159199e+00 9.414186834939350490e+00
-5.043590083430234294e+00 4.854090962304291601e+00 9.704647040455462559e+00
-4.517670119570492027e+00 5.347023161604963271e+00 1.000056057630169981e+01
-3.943846814505352683e+00 5.783257931626081927e+00 1.030182748584836538e+01
-3.328204731056350507e+00 6.158169636196629604e+00 1.060835288964662482e+01
-2.677271862317970985e+00 6.467782879413970676e+00 1.092004690804217582e+01
-1.997950406181805194e+00 6.708814662400352624e+00 1.123682393176089711e+01
-1.297443583162624536e+00 6.878709192029426767e+00 1.155860257106461653e+01
-5.831792511024997960e-01 6.975664983432298349e+00 1.188530506874117698e+01
1.372688509936743906e-01 6.998653960766089810e+00 1.221685726720792253e+01
8.562614168146899241e-01 6.947432359229882337e+00 1.255318812955200336e+01
1.566174571375254398e+00 6.822543309644691689e+00 1.289422971892854264e+01
2.259480716036313730e+00 6.625311079025650862e+00 1.323991680299296902e+01
2.928828343178873084e+00 6.357827029433256172e+00 1.359018684180185943e+01
3.567119992560215280e+00 6.022927440927476894e+00 1.394497965758238500e+01
4.167587505653189694e+00 5.624163438478955612e+00 1.430423742854927482e+01
4.723863795734333237e+00 5.165763335592370886e+00 1.466790441055585070e+01
5.230050358398845134e+00 4.652587801279209678e+00 1.503592693503757438e+01
5.680779819485940685e+00 4.090078317406805830e+00 1.540825317235755598e+01
6.071272845841870769e+00 3.484199482139786141e+00 1.578483313262364618e+01
6.397388825312658511e+00 2.841375761451612192e+00 1.616561846290583304e+01
6.655669770208340275e+00 2.168423369624775443e+00 1.655056245004075421e+01
6.843376985631494769e+00 1.472477990507562451e+00 1.693961984563684808e+01
6.958520108326832876e+00 7.609191166024931174e-01 1.733274687023458327e+01
6.999878212329802452e+00 4.129179761790952030e-02 1.772990106131207000e+01
6.967012754689905663e+00 -6.787733612835555874e-01 1.813104127834800394e+01
6.860272225745314145e+00 -1.391641113458291779e+00 1.853612757002083811e+01
6.680788453985093689e+00 -2.089752529152545613e+00 1.894512117984811894e+01
6.430464604336217249e+00 -2.765705149212231984e+00 1.935798442952251719e+01
6.111954998380094928e+00 -3.412331475366449318e+00 1.977468072489212148e+01
5.728636968433264975e+00 -4.022774973062716697e+00 2.019517445295698721e+01
5.284575046677785437e+00 -4.590562773346039904e+00 2.061943098802047203e+01
4.784477865730186963e+00 -5.109674309810549708e+00 2.104741660032372153e+01
4.233648231483590152e+00 -5.574605156605790590e+00 2.147909846224581543e+01
3.637926893403429229e+00 -5.980425396094501522e+00 2.191444456691156617e+01
3.003630613039227626e+00 -6.322831892468246728e+00 2.235342373435313945e+01
2.337485182703703313e+00 -6.598193921115128369e+00 2.279600553871146928e+01
1.646554109431960455e+00 -6.803591666517966985e+00 2.324216031429768847e+01
9.381637154978127446e-01 -6.936847183189445154e+00 2.369185909023709158e+01
2.198254545962711748e-01 -6.996547489262939123e+00 2.414507359638757578e+01
-5.008437374106771145e-01 -6.982059549351932404e+00 2.460177620445998770e+01
-1.216202207931303070e+00 -6.893536986875679062e+00 2.506193993376478346e+01
-1.918664617364867375e+00 -6.731918455096743692e+00 2.552553839799308832e+01
-2.600782369632173463e+00 -6.498917684184840837e+00 2.599254581077301651e+01
-3.255322594673126346e+00 -6.197005309390224426e+00 2.646293693741931818e+01
-3.875344841701727550e+00 -5.829382673825403316e+00 2.693668710028834923e+01
-4.454274673400030693e+00 -5.399947882517668774e+00 2.741377213490588005e+01
-4.985973377615038338e+00 -4.913254469057560136e+00 2.789416839511539337e+01
-5.464803060109524324e+00 -4.374463111539241389e+00 2.837785271307803114e+01
-5.885686425744953709e+00 -3.789286911517995904e+00 2.886480240421298049e+01
-6.244160616279969211e+00 -3.163930814366545885e+00 2.935499523063396765e+01
-6.536424532158666700e+00 -2.505025815314954940e+00 2.984840940588344083e+01
-6.759379137954030448e+00 -1.819558646867923235e+00 3.034502356142907331e+01
-6.910660322933813937e+00 -1.114797695112579756e+00 3.084481675119556954e+01
-6.988663969189350844e+00 -3.982159285545324723e-01 3.134776842079439874e+01
-6.992562960886735013e+00 3.225883414429915330e-01 3.185385841185854616e+01
-6.922315954685828387e+00 1.039972030153711868e+00 3.236306693372076637e+01
-6.778667818124678668e+00 1.746328322945261302e+00 3.287537456755759280e+01
-6.563141731353285380e+00 2.434167334874289601e+00 3.339076224026724304e+01
-6.278023036078851149e+00 3.096195529753134057e+00 3.390921122842991053e+01
-5.926335002750633407e+00 3.725393057809154751e+00 3.443070313416687611e+01
-5.511806773259738002e+00 4.315088190784526212e+00 3.495521988892446075e+01
-5.038833818687937338e+00 4.859028066151371839e+00 3.548274373112226954e+01
-4.512431331822128300e+00 5.351444989494890336e+00 3.601325720976827682e+01
-3.938181048191982114e+00 5.787117592693403978e+00 3.654674316372662446e+01
-3.322172059962166024e+00 6.161426198860677772e+00 3.708318472517130715e+01
-2.670936249836373122e+00 6.470401807408100225e+00 3.762256530032344415e+01
-1.991379029992906169e+00 6.710768179493650010e+00 3.816486857275110367e+01
-1.290706120124092804e+00 6.879976577828895934e+00 3.871007848544257257e+01
-5.763471412737344313e-01 6.976232792327502708e+00 3.925817924395975211e+01
1.441231645648043680e-01 6.998516165119276877e+00 3.980915529972877209e+01
8.630652535964304928e-01 6.946590413147627707e+00 4.036299135305402785e+01
1.572855786515979348e+00 6.821006133615714617e+00 4.091967233752024669e+01
2.265968462998781963e+00 6.623094965701075587e+00 4.147918342287402282e+01
2.935053827174759711e+00 6.354955470464509482e+00 4.204151000044263498e+01
3.573017198015818963e+00 6.019430878636550020e+00 4.260663768588971578e+01
4.173093898084677456e+00 5.620078942307521253e+00 4.317455230556575430e+01
4.728920983219468965e+00 5.161134210080824403e+00 4.374523989914426636e+01
5.234604712255062076e+00 4.647463125882452140e+00 4.431868670682773370e+01
5.684783041704137396e+00 4.084512427298154336e+00 4.489487917187018695e+01
6.074682482370849179e+00 3.478251390911348828e+00 4.547380392856986475e+01
6.400168715383306228e+00 2.835108536657600098e+00 4.605544780468397192e+01
6.657790430573689910e+00 2.161903462821916033e+00 4.663979781014592874e+01
6.844815922704069244e+00 1.465774533922882039e+00 4.722684113937784645e+01
6.959262057181822669e+00 7.541031888736597910e-01 4.781656516067627649e+01
6.999915298383297291e+00 3.443567132315855650e-02 4.840895741842750510e+01
6.966344577413179806e+00 -6.855969871185216835e-01 4.900400562311093466e+01
6.858905862980687829e+00 -1.398359883137792359e+00 4.960169765342218540e+01
6.678738386883057210e+00 -2.096295198576455299e+00 5.020202154684795204e+01
6.427752564068821783e+00 -2.772002340386221952e+00 5.080496550170154535e+01
6.108609735522454898e+00 -3.418316412955400896e+00 5.141051786822724523e+01
5.724693948509171015e+00 -4.028384191695533190e+00 5.201866715055265189e+01
5.280076073779778056e+00 -4.595736791320661929e+00 5.262940199828443610e+01
4.779470639735607485e+00 -5.114358259244780491e+00 5.324271120838155724e+01
4.228185841865245820e+00 -5.578749365821185968e+00 5.385858371720750171e+01
3.632067256815297185e+00 -5.983985915923448751e+00 5.447700860232844633e+01
2.997435858752814042e+00 -6.325770962709824197e+00 5.509797507499001767e+01
2.331020994332276608e+00 -6.600480370698950772e+00 5.572147248184406720e+01
1.639889028004512195e+00 -6.805201244329987631e+00 5.634749029782094709e+01
9.313684131548406464e-01 -6.937762815128334815e+00 5.697601812778832198e+01
2.129719847900977681e-01 -6.996759459470831999e+00 5.760704569979215961e+01
-5.076827035298070445e-01 -6.981565603253804930e+00 5.824056286665098980e+01
-1.222954152469209355e+00 -6.892342355176381830e+00 5.887655959954108909e+01
-1.925257944302809499e+00 -6.730035798411396541e+00 5.951502598952931322e+01
-2.607147164326281796e+00 -6.496366958812088477e+00 6.015595224147985220e+01
-3.261391364957124228e+00 -6.193813555846116259e+00 6.079932867552862774e+01
-3.881053233811682546e+00 -5.825583730092623647e+00 6.144514572129095598e+01
-4.459562154197532990e+00 -5.395582025402733350e+00 6.209339391928021001e+01
-4.990783876663615004e+00 -4.908367987063979143e+00 6.274406391539730521e+01
-5.469085564142170952e+00 -4.369107814198649464e+00 6.339714646229622730e+01
-5.889395519744636154e+00 -3.783519579969397473e+00 6.405263241413777564e+01
-6.247256965025516529e+00 -3.157812599401707221e+00 6.471051272790442965e+01
-6.538875297435036593e+00 -2.498621588915349800e+00 6.537077845840190093e+01
-6.761158326785898787e+00 -1.812936314417500139e+00 6.603342075952598123e+01
-6.911749063291762418e+00 -1.108027475329670608e+00 6.669843087949666938e+01
-6.989050710159556701e+00 -3.913696089608857953e-01 6.736580016207908272e+01
-6.992243595224566732e+00 3.294381657322308921e-01 6.803552004203652359e+01
-6.921293862434203525e+00 1.046752726211225504e+00 6.870758204630735122e+01
-6.776953830844179016e+00 1.752967990183050384e+00 6.938197778966403462e+01
-6.560754017325540310e+00 2.440595567509450614e+00 7.005869897584810246e+01
-6.274986907738233199e+00 3.102344163324528559e+00 7.073773739342308886e+01
-5.922682648312335374e+00 3.731196892068278537e+00 7.141908491686952232e+01
-5.507576915509147852e+00 4.320485681002859124e+00 7.210273350262052361e+01
-5.034071304372199407e+00 4.863961975848122954e+00 7.278867519011863862e+01
-4.507186656239135836e+00 5.355862997297435868e+00 7.347690209802385652e+01
-3.932509819703807086e+00 5.790972847279904911e+00 7.416740642523377858e+01
-3.316134410500759966e+00 6.164677815708845543e+00 7.486018044725443588e+01
-2.664596197182595105e+00 6.473015302466081700e+00 7.555521651718554210e+01
-1.984803799139982727e+00 6.712715834810787818e+00 7.625250706224498742e+01
-1.283965430293767085e+00 6.881237735597466099e+00 7.695204458472076681e+01
-5.695124668474258467e-01 6.976794073935775664e+00 7.765382165864076569e+01
1.509793521345138001e-01 6.998371613113228307e+00 7.835783093069269967e+01
8.698702540220450974e-01 6.945741554446697386e+00 7.906406511703140438e+01
1.579537441799815145e+00 6.819461963377499103e+00 7.977251700416816504e+01
2.272455922339070344e+00 6.620871852031730675e+00 8.048317944590836248e+01
2.941278298504224509e+00 6.352076980858158528e+00 8.119604536421131513e+01
3.578912677222340299e+00 6.015927530216535146e+00 8.191110774625123270e+01
4.178597869167790968e+00 5.615987878173029024e+00 8.262835964524923327e+01
4.733975080980533434e+00 5.156498805648592310e+00 8.334779417765102494e+01
5.239155341448104686e+00 4.642332528823823523e+00 8.406940452393210705e+01
5.688781945165189313e+00 4.078941036637152351e+00 8.479318392588641018e+01
6.078087252965099552e+00 3.472298280007517501e+00 8.551912568740569043e+01
6.402943245543744055e+00 2.828836827097976681e+00 8.624722317187348608e+01
6.659905295380730728e+00 2.155379654854266303e+00 8.697746980291979924e+01
6.846248691820260746e+00 1.459067801628615157e+00 8.770985906191513948e+01
6.959997532851241786e+00 7.472846463728727295e-01 8.844438448870138814e+01
6.999945676569770292e+00 2.757761904477157647e-02 8.918103967918098363e+01
6.965669530644039042e+00 -6.924218294199392387e-01 8.991981828602503413e+01
6.857532543874666153e+00 -1.405079147130098516e+00 9.066071401635301186e+01
6.676681352326758301e+00 -2.102837635076026501e+00 9.140372063241886735e+01
6.425033620987290917e+00 -2.778298574520552400e+00 9.214883194937679889e+01
6.105257709589292148e+00 -3.424299680153667147e+00 9.289604183594653364e+01
5.720744378685866494e+00 -4.033991045321501545e+00 9.364534421226090899e+01
5.275570835337748399e+00 -4.600907775790965104e+00 9.439673305051098851e+01
4.774457500487217843e+00 -5.119038540198867615e+00 9.515020237287178873e+01
4.222717955440139725e+00 -5.582889311888910910e+00 9.590574625212792625e+01
3.626202599356294076e+00 -5.987541624775702509e+00 9.666335880967385208e+01
2.991236613878402117e+00 -6.328704726861039909e+00 9.742303421612078296e+01
2.324552894126785674e+00 -6.602761077186330319e+00 9.818476668936793317e+01
1.633220655681744349e+00 -6.806804704841655784e+00 9.894855049519161128e+01
9.245704762202696658e-01 -6.938672022404706929e+00 9.971437994538403871e+01
2.061165649029206570e-01 -6.996964767788431239e+00 1.004822493983252514e+02
-5.145229144757684780e-01 -6.981064830703075152e+00 1.012521532571866629e+02
-1.229706623552618838e+00 -6.891140806861431045e+00 1.020240859704862402e+02
-1.931851074260210188e+00 -6.728146210278108441e+00 1.027980420303538978e+02
-2.613511041204105378e+00 -6.493809362577887434e+00 1.035740159730707433e+02
-3.267458507046407057e+00 -6.190615066754681095e+00 1.043520023773933758e+02
-3.886759305608667781e+00 -5.821778259283362900e+00 1.051319958650778972e+02
-4.464846648244741090e+00 -5.391209920570492642e+00 1.059139910992604143e+02
-4.995590755530215255e+00 -4.903475604432131263e+00 1.066979827849664986e+02
-5.473363854328273881e+00 -4.363747027284320623e+00 1.074839656675455331e+02
-5.893099852521550552e+00 -3.777747229263822337e+00 1.082719345331658047e+02
-6.250348057279675906e+00 -3.151689890020935803e+00 1.090618842073006931e+02
-6.541320368486465142e+00 -2.492213441265433982e+00 1.098538095552098781e+02
-6.762931445830766997e+00 -1.806310676210869826e+00 1.106477054804750111e+02
-6.912831424563472993e+00 -1.101254600702189501e+00 1.114435669254676640e+02
-6.989430832271901650e+00 -3.845213139566051042e-01 1.122413888699324076e+02
-6.991917443032331647e+00 3.362892650980998654e-01 1.130411663314418149e+02
-6.920264889843507738e+00 1.053533983504670868e+00 1.138428943640250992e+02
-6.775232944214481634e+00 1.759607499310787304e+00 1.146465680586107680e+02
-6.558359459935358515e+00 2.447022924754973960e+00 1.154521825416986047e+02
-6.271944066273785978e+00 3.108491214324570429e+00 1.162597329757905413e+02
-5.919023783874997058e+00 3.736998454096831956e+00 1.170692145581044059e+02
-5.503340821374136382e+00 4.325880234564642102e+00 1.178806225209932137e+02
-5.029302894915546496e+00 4.868892316656233454e+00 1.186939521306989604e+02
-4.501936490441925010e+00 5.360276843226237986e+00 1.195091986877608292e+02
-3.926833565386826486e+00 5.794823392455665356e+00 1.203263575258074241e+02
-3.310092253729267853e+00 6.167924227144938598e+00 1.211454240119542334e+02
-2.658252204471902136e+00 6.475623152826318396e+00 1.219663935456327550e+02
-1.978225237742806897e+00 6.714657467716236283e+00 1.227892615589776852e+02
-1.277222055355980990e+00 6.882492558754585765e+00 1.236140235156913292e+02
-5.626757813307682321e-01 6.977348777659305057e+00 1.244406749114208992e+02
1.578368551925135588e-01 6.998220311417963302e+00 1.252692112726569462e+02
8.766758606434263967e-01 6.944885847540267498e+00 1.260996281571009661e+02
1.586218987648083445e+00 6.817910920745788417e+00 1.269319211525966580e+02
2.278942558376673144e+00 6.618641916255901592e+00 1.277660858774880239e+02
2.947501241819014517e+00 6.349191793407674922e+00 1.286021179795822320e+02
3.584805940817359371e+00 6.012417680657304864e+00 1.294400131364986635e+02
4.184098961270650285e+00 5.611890580035739262e+00 1.302797670546618747e+02
4.739025668092952337e+00 5.151857501635322301e+00 1.311213754696422313e+02
5.243701866555216640e+00 4.637196430461550278e+00 1.319648341451776901e+02
5.692776195995140398e+00 4.073364602182217631e+00 1.328101388735061050e+02
6.081486872945731648e+00 3.466340637356452703e+00 1.336572854744151471e+02
6.405712183232461499e+00 2.822561146474458216e+00 1.345062697955662543e+02
6.662014186552509543e+00 2.148852479388267067e+00 1.353570877115715803e+02
6.847675171054534715e+00 1.452358341361816629e+00 1.362097351243101286e+02
6.960726470586556580e+00 7.404640448229831140e-01 1.370642079620306220e+02
6.999969339665374157e+00 2.071819839426065901e-02 1.379205021796599908e+02
6.964987664371448339e+00 -6.992473347489850388e-01 1.387786137579313674e+02
6.856152374660458904e+00 -1.411798362174200516e+00 1.396385387036849579e+02
6.674617511210691134e+00 -2.109379311323499095e+00 1.405002730490203930e+02
6.422307988428887171e+00 -2.784593345851866797e+00 1.413638128515902963e+02
6.101899183628469281e+00 -3.430280797957248051e+00 1.422291541937760257e+02
5.716788568377066504e+00 -4.039595086697835846e+00 1.430962931829740796e+02
5.271059683418534370e+00 -4.606075315693360928e+00 1.439652259507944621e+02
4.769438838407199732e+00 -5.123714781942197760e+00 1.448359486533404095e+02
4.217244996497715448e+00 -5.587024667881374640e+00 1.457084574704280726e+02
3.620333374144797833e+00 -5.991092242659375344e+00 1.465827486058600755e+02
2.985033355330742655e+00 -6.331632954267239377e+00 1.474588182866659452e+02
2.318081377260111431e+00 -6.605035861250100560e+00 1.483366627633693327e+02
1.626549500562601391e+00 -6.808401921318948169e+00 1.492162783092485370e+02
9.177704199373953875e-01 -6.939574731659566176e+00 1.500976612205977858e+02
1.992597119384343363e-01 -6.997163394347612808e+00 1.509808078160071148e+02
-5.213638572486170020e-01 -6.980557264886152247e+00 1.518657144366175373e+02
-1.236459117382243011e+00 -6.889932427175343932e+00 1.527523774454200804e+02
-1.938443518132273669e+00 -6.726249826389961051e+00 1.536407932275049006e+02
-2.619873530644053705e+00 -6.491245079599957890e+00 1.545309581893785378e+02
-3.273523575792082418e+00 -6.187410071971423342e+00 1.554228687592075460e+02
-3.892462640603060020e+00 -5.817966534065785567e+00 1.563165213861531981e+02
-4.470127771991077914e+00 -5.386831879878384299e+00 1.572119125406096600e+02
-5.000393667028314226e+00 -4.898577668542484886e+00 1.581090387135557194e+02
-5.477637623246464749e+00 -4.358381129317951519e+00 1.590078964167877587e+02
-5.896799158962566345e+00 -3.771970264842814835e+00 1.599084821822878268e+02
-6.253433672634031382e+00 -3.145563113651807186e+00 1.608107925624513257e+02
-6.543759571193180413e+00 -2.485801817204591035e+00 1.617148241294710829e+02
-6.764698368570345011e+00 -1.799682189238343888e+00 1.626205734755602634e+02
-6.913907328424016896e+00 -1.094479535653672952e+00 1.635280372123515349e+02
-6.989804305594094380e+00 -3.776715100431359273e-01 1.644372119711151186e+02
-6.991584522381009137e+00 3.431411756148087244e-01 1.653480944021730465e+02
-6.919229102092415040e+00 1.060315345902995698e+00 1.662606811751122393e+02
-6.773505269203791812e+00 1.766246406385152845e+00 1.671749689782133999e+02
-6.555958214015245922e+00 2.453448979719372147e+00 1.680909545186594016e+02
-6.268894708225345447e+00 3.114636276868338438e+00 1.690086345219780526e+02
-5.915358644838373259e+00 3.742797363328119076e+00 1.699280057322461346e+02
-5.499098762240671512e+00 4.331271499585671592e+00 1.708490649115456392e+02
-5.024528894064614448e+00 4.873818768964417458e+00 1.717718088401634589e+02
-4.496681167095216480e+00 5.364686242595293031e+00 1.726962343160607247e+02
-3.921152642593062065e+00 5.798668981196067662e+00 1.736223381550683200e+02
-3.304045967842148990e+00 6.171165225659254183e+00 1.745501171903686668e+02
-2.651904666099129226e+00 6.478225192282347500e+00 1.754795682726875441e+02
-1.971643752326508237e+00 6.716592954311868979e+00 1.764106882697878120e+02
-1.270476409119138061e+00 6.883740966500100811e+00 1.773434740666573077e+02
-5.558375016999317353e-01 6.977896865940623528e+00 1.782779225650146202e+02
1.646952584376467632e-01 6.998062265502369428e+00 1.792140306834929504e+02
8.834816638198760286e-01 6.944023340232524433e+00 1.801517953571575674e+02
1.592900024716020990e+00 6.816353094673111457e+00 1.810912135376857179e+02
2.285427985754897584e+00 6.616405287006556613e+00 1.820322821928954227e+02
2.953722289989221039e+00 6.346300074344171982e+00 1.829749983069217194e+02
3.590696643151914280e+00 6.008901531632680815e+00 1.839193588797561176e+02
4.189596853900067863e+00 5.607787282145307195e+00 1.848653609274194878e+02
4.744072451914141730e+00 5.147210562138423207e+00 1.858130014815120603e+02
5.248244025756129361e+00 4.632055121230219008e+00 1.867622775893826201e+02
5.696765565238142592e+00 4.067783437539042701e+00 1.877131863136888796e+02
6.084881148384187810e+00 3.460378795744582625e+00 1.886657247325632909e+02
6.408475370874661792e+00 2.816281843298511500e+00 1.896198899391832526e+02
6.664116984153058532e+00 2.142322296369699064e+00 1.905756790419336255e+02
6.849095278690090716e+00 1.445646520912049038e+00 1.915330891639866877e+02
6.961448827266814021e+00 7.336417554539118591e-01 1.924921174434614102e+02
6.999986282980874996e+00 1.385778047147095612e-02 1.934527610330125640e+02
6.964299011814589768e+00 -7.060731364655695730e-01 1.944150170999871818e+02
6.854765425589674166e+00 -1.418517169490876917e+00 1.953788828260224193e+02
6.672546969441283338e+00 -2.115919880477505899e+00 1.963443554071992025e+02
6.419575806428240661e+00 -2.790886322572311951e+00 1.973114320536487867e+02
6.098534329651027264e+00 -3.436259453252604068e+00 1.982801099897035044e+02
5.712826719479221715e+00 -4.045196024076494368e+00 1.992503864535118794e+02
5.266542846988128801e+00 -4.611239143748475655e+00 2.002222586971863620e+02
4.764414906982360698e+00 -5.128386743813717175e+00 2.011957239864269695e+02
4.211767239700690446e+00 -5.591155222186557694e+00 2.021707796006660658e+02
3.614459874134962725e+00 -5.994637588567658604e+00 2.031474228327001015e+02
2.978826390634894850e+00 -6.334555496201535796e+00 2.041256509888316373e+02
2.311606762739673471e+00 -6.607304607361174753e+00 2.051054613885090419e+02
1.619875889205528940e+00 -6.809992812299481280e+00 2.060868513644657298e+02
9.109685752592080465e-01 -6.940470895759898617e+00 2.070698182623673915e+02
1.924017572711481106e-01 -6.997355326392892039e+00 2.080543594409489856e+02
-5.282052031431795358e-01 -6.980042927043678347e+00 2.090404722716691310e+02
-1.243211311769845784e+00 -6.888717270601799392e+00 2.100281541388445135e+02
-1.945034963146329288e+00 -6.724346733485592864e+00 2.110174024393116099e+02
-2.626234332854697318e+00 -6.488674227369967795e+00 2.120082145825585940e+02
-3.279586286975708642e+00 -6.184198718207628787e+00 2.130005879903941093e+02
-3.898162973292300659e+00 -5.814148728201999461e+00 2.139945200970767587e+02
-4.475405280836781685e+00 -5.382448102142578072e+00 2.149900083489906137e+02
-5.005192390061082186e+00 -4.893674400537354252e+00 2.159870502047724585e+02
-5.481906675007306440e+00 -4.353010361406268736e+00 2.169856431349939783e+02
-5.900493270348949437e+00 -3.766188944618519496e+00 2.179857846222864168e+02
-6.256513670707432695e+00 -3.139432542395360848e+00 2.189874721610295865e+02
-6.546192794772861312e+00 -2.479386999575472927e+00 2.199907032574742516e+02
-6.766459014419343276e+00 -1.793051144330024549e+00 2.209954754294371639e+02
-6.914976725010127723e+00 -1.087702575416741979e+00 2.220017862064214853e+02
-6.990171111007787097e+00 -3.708204940832782182e-01 2.230096331293178480e+02
-6.991244844683063953e+00 3.499936023593579471e-01 2.240190137505227597e+02
-6.918186540589450928e+00 1.067096523097588401e+00 2.250299256336455187e+02
-6.771770876291347108e+00 1.772884429118918082e+00 2.260423663536245442e+02
-6.553550378062833026e+00 2.459873460605747297e+00 2.270563334964401463e+02
-6.265838958529045044e+00 3.120779092755468831e+00 2.280718246592287812e+02
-5.911687381067567415e+00 3.748593377325217801e+00 2.290888374500016482e+02
-5.494850910750860074e+00 4.336659252076469073e+00 2.301073694877566140e+02
-5.019749495348855284e+00 4.878741129015241818e+00 2.311274184022026077e+02
-4.491420897995790362e+00 5.369091014040149545e+00 2.321489818338695841e+02
-3.915467279207641482e+00 5.802509455869444110e+00 2.331720574338380914e+02
-3.297995793845529100e+00 6.174400678914286011e+00 2.341966428638476714e+02
-2.645553833822593681e+00 6.480821314644199305e+00 2.352227357960312872e+02
-1.965059602219225710e+00 6.718522215467180203e+00 2.362503339130221320e+02
-1.263728756027040712e+00 6.884982907109526984e+00 2.372794349076930871e+02
-5.489978942545489238e-01 6.978438314702228418e+00 2.383100364832617402e+02
1.715542961491414720e-01 6.997897478776947899e+00 2.393421363530347321e+02
8.902874016092678922e-01 6.943154062998733167e+00 2.403757322405110131e+02
1.599580297154702402e+00 6.814788542057227616e+00 2.414108218791312481e+02
2.291911957726280313e+00 6.614162046550664975e+00 2.424474030123791124e+02
2.959941207470925040e+00 6.343401930219743079e+00 2.434854733935355569e+02
3.596584562581935707e+00 6.005379212355977714e+00 2.445250307857782559e+02
4.195091341120446238e+00 5.603678134908914643e+00 2.455660729619406197e+02
4.749115244496871391e+00 5.142558156646108714e+00 2.466085977046096502e+02
5.252781650540883085e+00 4.626908787921045985e+00 2.476526028058893587e+02
5.700749905600426715e+00 4.062197744300087621e+00 2.486980860674969165e+02
6.088269954242754523e+00 3.454412969560085145e+00 2.497450453005305917e+02
6.411232706905219736e+00 2.809999141976518455e+00 2.507934783255644220e+02
6.666213610689406543e+00 2.135789338080726019e+00 2.518433829724201019e+02
6.850508961923225115e+00 1.438932577506524924e+00 2.528947570802603195e+02
6.962164574925381544e+00 7.268180182508403586e-01 2.539475984973649929e+02
6.999996503393242087e+00 6.996605061692162154e-03 2.550019050812229011e+02
6.963603594397135943e+00 -7.128989971232153611e-01 2.560576746983117573e+02
6.853371742043333548e+00 -1.425235336834560496e+00 2.571149052241888171e+02
6.670469795640710409e+00 -2.122459117496725778e+00 2.581735945432748167e+02
6.416837165702302670e+00 -2.797177289494115371e+00 2.592337405489429329e+02
6.095163259375166120e+00 -3.442235442494181008e+00 2.602953411433066435e+02
5.708858963069395109e+00 -4.050793667885619342e+00 2.613583942373074933e+02
5.262020475068150738e+00 -4.616399085863737817e+00 2.624228977505066496e+02
4.759385871120596967e+00 -5.133054269124537328e+00 2.634888496111710765e+02
4.206284864176176086e+00 -5.595280836687503090e+00 2.645562477560692400e+02
3.608582290294526373e+00 -5.998177544402358841e+00 2.656250901305553498e+02
2.972615920755792729e+00 -6.337472255376679797e+00 2.666953746883690428e+02
2.305129258935279868e+00 -6.609567239963634044e+00 2.677670993917185456e+02
1.613200035447171832e+00 -6.811577324352506402e+00 2.688402622110833136e+02
9.041651587958021707e-01 -6.941360483768276524e+00 2.699148611252961700e+02
1.855429183354486700e-01 -6.997540555470584067e+00 2.709908941213495268e+02
-5.350467365808058151e-01 -6.979521831019244615e+00 2.720683591944761019e+02
-1.249962994872114042e+00 -6.887495372880502842e+00 2.731472543479583805e+02
-1.951625203749454807e+00 -6.722436988480435360e+00 2.742275775932085935e+02
-2.632593250307070143e+00 -6.486096883213945397e+00 2.753093269495809068e+02
-3.285646453419426294e+00 -6.180981101987964799e+00 2.763925004444501496e+02
-3.903860128368969562e+00 -5.810324956328260626e+00 2.774770961130279261e+02
-4.480679013352549589e+00 -5.378058718469148403e+00 2.785631119984396378e+02
-5.009986778325338896e+00 -4.888765946637789739e+00 2.796505461515436082e+02
-5.486170880045609266e+00 -4.347634882892029040e+00 2.807393966310072528e+02
-5.904182074786040957e+00 -3.760403439496247113e+00 2.818296615031291594e+02
-6.259587958433715293e+00 -3.133298356465855861e+00 2.829213388419141211e+02
-6.548619965574841828e+00 -2.472969176207937991e+00 2.840144267288981723e+02
-6.768213329808868473e+00 -1.786417734517196543e+00 2.851089232532225424e+02
-6.916039581060876351e+00 -1.080923916471132618e+00 2.862048265114619312e+02
-6.990531235718258074e+00 -3.639684635340750818e-01 2.873021346076968712e+02
-6.990898417475779780e+00 3.568463486357139058e-01 2.884008456533449021e+02
-6.917137232858872053e+00 1.073877321577051625e+00 2.895009577672323076e+02
-6.770029812509090306e+00 1.779521378837053192e+00 2.906024690754276207e+02
-6.551136017795244904e+00 2.466296185851540201e+00 2.917053777113127353e+02
-6.262776900791889645e+00 3.126919489035101307e+00 2.928096818154190260e+02
-5.908010092804268254e+00 3.754386333786509322e+00 2.939153795354970384e+02
-5.490597382711218444e+00 4.342043341672757073e+00 2.950224690263556795e+02
-5.014964828513766015e+00 4.883659260100964516e+00 2.961309484499312248e+02
-4.486155825535513841e+00 5.373491035538607186e+00 2.972408159751282142e+02
-3.909777628347995027e+00 5.806344710475733528e+00 2.983520697778881186e+02
-3.291941894126428458e+00 6.177630497666180887e+00 2.994647080410331341e+02
-2.639199877170162356e+00 6.483411448330654636e+00 3.005787289543328598e+02
-1.958472962534861805e+00 6.720445197679981497e+00 3.016941307143513882e+02
-1.256979274535816149e+00 6.886218345607944435e+00 3.028109115245130738e+02
-5.421571392070649864e-01 6.978973107585872526e+00 3.039290695949514429e+02
1.784137886215056978e-01 6.997725953481582550e+00 3.050486031425745637e+02
8.970928963637599951e-01 6.942278036444066380e+00 3.061695103909163436e+02
1.606259631561453238e+00 6.813217301394111303e+00 3.072917895702008764e+02
2.298394306585103575e+00 6.611912250737844055e+00 3.084154389171959565e+02
2.966157834278052796e+00 6.340497433336830468e+00 3.095404566752768574e+02
3.602469548135950994e+00 6.001850810771053979e+00 3.106668410942816649e+02
4.200582282751756047e+00 5.599563240631544758e+00 3.117945904305745444e+02
4.754153917541049879e+00 5.137900400779397359e+00 3.129237029469037452e+02
5.257314625951826415e+00 4.621757557872654409e+00 3.140541769124629923e+02
5.704729116308699943e+00 4.056607660292002926e+00 3.151860106027524466e+02
6.091653205026315909e+00 3.448443305274514703e+00 3.163192022996388459e+02
6.413984121673360406e+00 2.803713196267052954e+00 3.174537502912190234e+02
6.668304013042803291e+00 2.129253763560661206e+00 3.185896528718794229e+02
6.851916184441138924e+00 1.432216674038387261e+00 3.197269083421605274e+02
6.962873694316498607e+00 7.199929978793632168e-01 3.208655150088168853e+02
6.999999998701352588e+00 1.348371673218612919e-04 3.220054711846831879e+02
6.962901426795398585e+00 -7.197247534513410150e-01 3.231467751887329882e+02
6.851971355264361740e+00 -1.431952704050196923e+00 3.242894253459476204e+02
6.668386037039035763e+00 -2.128996867311650387e+00 3.254334199873737816e+02
6.414092128888931654e+00 -2.803466097908989596e+00 3.265787574499943275e+02
6.091786049887506493e+00 -3.448208625126381932e+00 3.277254360767849448e+02
5.704885389865676615e+00 -4.056387886839367241e+00 3.288734542165875609e+02
5.257492670717520689e+00 -4.621555021564879517e+00 3.300228102241657098e+02
4.754351845206094218e+00 -5.137717249127807584e+00 3.311735024600797601e+02
4.200797994071792552e+00 -5.599401415598135756e+00 3.323255292907421108e+02
3.602700755367505447e+00 -6.001712028019538181e+00 3.334788890882938404e+02
2.966402085271890865e+00 -6.340383164170330765e+00 3.346335802306592768e+02
2.298649010993444985e+00 -6.611823706380778987e+00 3.357896011014243527e+02
1.606522088117337654e+00 -6.813155420243332649e+00 3.369469500898908905e+02
9.136863580014867869e-01 -6.940113633017976902e+00 3.381071232771931818e+02
2.676977188057155788e-01 -6.994879407920211456e+00 3.392734941973172340e+02
-2.881183283433021991e-01 -6.994068045770834630e+00 3.404482920070096839e+02
-7.295322235729263527e-01 -6.961880689495385965e+00 3.416313794933894314e+02
-1.063715166298492054e+00 -6.918707252441497424e+00 3.428208993163615332e+02
-1.323566243591996816e+00 -6.873730602723950867e+00 3.440142200593594453e+02
-1.535731683739686160e+00 -6.829460315102362955e+00 3.452095567932472022e+02
-1.714714442658423099e+00 -6.786733704819912560e+00 3.464061300656454137e+02
-1.869283804951703321e+00 -6.745797066066046455e+00 3.476035365836810342e+02
-2.005146847961923218e+00 -6.706667288460667287e+00 3.488015423853101424e+02
-2.126225481880027246e+00 -6.669270214963856525e+00 3.500000000000000000e+02
